3.904236 0.148926 -3.349213 -2.655609 -0.389282 2.701538 1.841370 0.061401 -0.601105 -0.920959 -0.725891 0.025146 0.202576 0.278656 1.469086 0.451538 -0.981506 -1.752136 -0.687134 0.064026 2.072174 0.552460 0.049988 -2.048401 -0.026611 -1.807220 -0.493256 -0.470428 2.519470 0.591919 
1.607880 3.938843 1.065918 -1.553680 -2.906189 -1.982788 -0.381287 1.021301 0.353333 0.488037 -0.418640 -1.176849 -1.648621 -0.956482 -0.164581 1.673706 1.141052 -0.403442 -1.493286 -1.172729 -0.654816 1.875076 1.208282 0.529572 1.313171 1.437439 -1.485626 -1.397064 -1.583206 1.732544 
2.668030 -0.091675 -2.585205 -3.786499 -0.147034 3.384216 0.828125 0.627350 0.031219 -1.856934 0.001038 0.733093 -0.580383 1.143219 1.846985 -0.176605 -0.287476 -1.245483 -0.892151 0.296326 1.946777 0.710327 -0.103699 -1.838745 -0.038757 -1.922607 -1.058578 0.094147 1.543152 0.702698 
1.505341 2.601990 2.105652 -1.614014 -4.038513 -1.065369 -0.292908 0.236633 1.350494 0.427399 -1.056793 -0.318146 -1.503296 -1.212402 0.486725 1.770721 0.920822 0.171753 -1.656616 -1.175781 -0.620056 1.660110 1.189484 0.556946 1.395569 1.802246 -2.262634 -1.160294 -1.380081 1.137451 
2.667908 -0.088257 -2.595215 -3.791199 -0.092102 3.390381 0.806458 0.643463 0.034119 -1.869965 -0.006836 0.714233 -0.589111 1.120697 1.832611 -0.157959 -0.305298 -1.244751 -0.868652 0.313599 1.941711 0.714111 -0.121033 -1.817932 -0.012085 -1.968048 -1.049149 0.130920 1.507935 0.699402 
1.504333 2.532837 1.955414 -1.699463 -4.049225 -1.141296 -0.238190 0.279999 1.401123 0.502869 -1.015564 -0.311798 -1.378967 -1.142029 0.547791 1.870148 0.958069 0.201080 -1.610779 -1.163879 -0.604767 1.718185 1.182678 0.572266 1.346130 1.689880 -2.354431 -1.211388 -1.446465 1.047974 
2.743408 -0.067535 -2.620514 -3.776154 -0.138794 3.381714 0.840332 0.593262 0.032928 -1.854858 -0.019104 0.716980 -0.595215 1.129883 1.825409 -0.157745 -0.299011 -1.255798 -0.882935 0.285309 1.941650 0.715546 -0.134033 -1.810852 0.021729 -2.005157 -1.026550 0.174927 1.460510 0.710999 
1.412384 2.574249 1.817749 -1.715607 -4.115631 -1.196960 -0.252625 0.289795 1.454315 0.508270 -1.002991 -0.306793 -1.279602 -1.034668 0.636566 1.934280 1.038391 0.283997 -1.541870 -1.112244 -0.580383 1.790710 1.214218 0.623260 1.280212 1.552551 -2.485352 -1.253975 -1.549671 0.935089 
2.800354 -0.033325 -2.620880 -3.788361 -0.105835 3.358948 0.802979 0.591156 0.000793 -1.830139 -0.050232 0.703613 -0.602966 1.128052 1.809357 -0.186493 -0.285522 -1.258972 -0.864868 0.259521 1.947052 0.739838 -0.161804 -1.794556 0.069519 -2.058594 -0.988754 0.199127 1.435852 0.706726 
1.328339 2.521698 1.805695 -1.759094 -4.115662 -1.294342 -0.160828 0.351929 1.437775 0.497070 -0.988464 -0.298889 -1.222351 -0.963013 0.691864 2.006363 1.082108 0.308624 -1.462830 -1.099609 -0.521149 1.813232 1.244644 0.678894 1.218872 1.419983 -2.567291 -1.282455 -1.615105 0.841888 
2.802673 0.313965 -2.709229 -3.864441 -0.160095 3.366028 0.986389 0.673309 -0.077850 -1.848816 -0.103577 0.592346 -0.413635 0.968811 1.731110 -0.166656 -0.318176 -1.411743 -0.492188 -0.183685 2.058838 0.769989 -0.153503 -2.070190 0.661560 -2.806976 -0.481354 0.237152 1.516541 0.507568 
1.238464 2.694305 1.782776 -1.888641 -4.177612 -1.370056 -0.325745 0.536987 1.289398 0.521301 -0.919861 -0.268494 -1.287659 -0.802734 0.727020 1.963669 1.215317 0.496307 -1.549438 -1.116211 -0.288513 1.694382 1.251999 0.896179 1.082886 0.968811 -2.150574 -1.508667 -1.884228 1.048615 
2.806152 -0.200378 -2.603210 -3.768311 -0.144714 3.404297 0.864624 0.602386 0.022888 -1.811890 -0.027954 0.734985 -0.524719 1.083527 1.807098 -0.150360 -0.305664 -1.236389 -0.847595 0.236206 1.967133 0.741150 -0.192383 -1.815552 0.094849 -2.141449 -0.966873 0.241943 1.340393 0.692993 
1.300873 2.344788 1.769775 -1.890686 -4.270660 -1.422302 -0.085968 0.439331 1.506958 0.572632 -0.932526 -0.252899 -1.042236 -0.874390 0.831970 2.061340 1.163330 0.419830 -1.302734 -1.070007 -0.408234 1.905579 1.260147 0.760529 1.110291 1.149353 -2.763916 -1.315308 -1.743534 0.630188 
2.781067 -0.133636 -2.631165 -3.735931 -0.095520 3.403564 0.857178 0.581665 -0.002350 -1.830719 -0.059631 0.716614 -0.523926 1.080414 1.797607 -0.164825 -0.292664 -1.244690 -0.822998 0.233826 1.939880 0.730988 -0.184631 -1.790833 0.095581 -2.175873 -0.913620 0.278595 1.292053 0.692749 
1.286469 2.340546 1.640228 -1.970276 -4.260529 -1.480194 -0.050934 0.495789 1.515442 0.591339 -0.962799 -0.241638 -0.979553 -0.797729 0.908112 2.137909 1.205261 0.481201 -1.245667 -1.033142 -0.368164 1.945175 1.276489 0.778534 1.059998 1.002991 -2.853058 -1.344326 -1.783703 0.532959 
2.886230 -0.211487 -2.642059 -3.750122 -0.090637 3.393494 0.880859 0.561523 -0.008698 -1.827393 -0.039185 0.712708 -0.517151 1.088196 1.784576 -0.162811 -0.279114 -1.241882 -0.838562 0.218262 1.930634 0.757080 -0.203491 -1.785828 0.131653 -2.213745 -0.872772 0.299438 1.232910 0.686340 
1.193481 2.307526 1.557312 -2.003479 -4.313690 -1.531830 -0.009369 0.517517 1.561218 0.590332 -0.915649 -0.217102 -0.894348 -0.672058 0.964508 2.184631 1.218201 0.564240 -1.171265 -0.973328 -0.350800 1.999084 1.275711 0.834290 0.955811 0.842834 -2.950226 -1.338936 -1.864937 0.441162 
2.850647 -0.262909 -2.620850 -3.752838 -0.103210 3.427612 0.911316 0.562439 -0.002411 -1.805176 -0.028931 0.728516 -0.537842 1.092834 1.760101 -0.135803 -0.305115 -1.185242 -0.813538 0.172394 1.929535 0.728424 -0.204468 -1.791870 0.157104 -2.231506 -0.835907 0.319519 1.192688 0.652832 
1.196716 2.226715 1.545746 -2.050537 -4.359436 -1.600647 0.033264 0.534393 1.565674 0.596344 -0.930115 -0.182434 -0.766479 -0.606262 1.018555 2.241043 1.226822 0.610077 -1.093201 -0.993225 -0.298950 2.025620 1.294968 0.863831 0.870544 0.719482 -3.005981 -1.348270 -1.909721 0.354370 
2.765137 0.277679 -2.727295 -3.815491 -0.183411 3.423340 1.030579 0.651215 -0.094940 -1.828461 -0.055542 0.674377 -0.361206 0.870605 1.716339 -0.172241 -0.377441 -1.392334 -0.407471 -0.304749 2.049957 0.766968 -0.217102 -1.978333 0.822510 -3.036346 -0.331802 0.423309 1.243042 0.441589 
1.127960 2.475983 1.467987 -2.178223 -4.448700 -1.685242 -0.071259 0.724731 1.429840 0.568970 -0.858582 -0.178833 -0.808167 -0.480835 1.082031 2.160202 1.336899 0.816864 -1.229492 -1.020813 -0.025818 1.857269 1.300018 1.168213 0.616455 0.208374 -2.469574 -1.588345 -2.162563 0.615234 
2.816833 -0.240204 -2.646851 -3.737854 -0.099915 3.442566 0.946960 0.571564 -0.050201 -1.809998 -0.006226 0.762329 -0.511108 1.047333 1.752319 -0.189911 -0.292236 -1.157715 -0.820313 0.187012 1.916901 0.737122 -0.202698 -1.775269 0.169006 -2.289276 -0.767548 0.373169 1.107300 0.614014 
1.144623 2.154572 1.426453 -2.179657 -4.441010 -1.735504 0.116699 0.667023 1.593292 0.596252 -0.911865 -0.199341 -0.584839 -0.456421 1.163574 2.303528 1.297012 0.742737 -0.909119 -0.901672 -0.219391 2.120255 1.312088 0.952026 0.697754 0.353821 -3.178223 -1.339600 -2.011353 0.156769 
2.903198 -0.220093 -2.676636 -3.766052 -0.046814 3.420898 0.930847 0.549042 -0.074249 -1.844696 -0.021179 0.759766 -0.458557 1.039948 1.726318 -0.149719 -0.294495 -1.193542 -0.763184 0.133881 1.933685 0.702576 -0.221863 -1.732605 0.163269 -2.342133 -0.705002 0.423035 1.086914 0.577637 
1.038635 2.152954 1.342834 -2.224152 -4.470917 -1.825165 0.185394 0.743439 1.634247 0.637421 -0.910797 -0.148132 -0.508118 -0.349365 1.213165 2.306549 1.322723 0.811462 -0.872925 -0.899170 -0.147003 2.125198 1.277145 0.984711 0.634277 0.151855 -3.230652 -1.338703 -2.039120 0.105316 
